libs            (sampling);
type            probes;

executeControl      adjustable;
executeInterval     1e-6;
writeControl        adjustable;
writeInterval       1e-6;

fields
(
    p
);

probeLocations
(
    (0.015 5e-05 0)
    (0.015517 0.00011892 0)
    (0.016034 0.00018784 0)
    (0.016552 0.00025676 0)
    (0.017069 0.00032568 0)
    (0.017586 0.0003946 0)
    (0.018103 0.00046352 0)
    (0.018621 0.00053244 0)
    (0.019138 0.00060137 0)
    (0.019655 0.00067029 0)
    (0.020172 0.00073921 0)
    (0.02069 0.00080813 0)
    (0.021207 0.00087705 0)
    (0.021724 0.00094597 0)
    (0.022241 0.0010149 0)
    (0.022759 0.0010838 0)
    (0.023276 0.0011527 0)
    (0.023793 0.0012217 0)
    (0.02431 0.0012906 0)
    (0.024828 0.0013595 0)
    (0.025345 0.0014284 0)
    (0.025862 0.0014973 0)
    (0.026379 0.0015663 0)
    (0.026897 0.0016352 0)
    (0.027414 0.0017041 0)
    (0.027931 0.001773 0)
    (0.028448 0.0018419 0)
    (0.028966 0.0019109 0)
    (0.029483 0.0019798 0)
    (0.03 0.0020487 0)
    (0.03 0.0020487 0)
    (0.030489 0.0021862 0)
    (0.030978 0.0023237 0)
    (0.031467 0.0024613 0)
    (0.031956 0.0025988 0)
    (0.032444 0.0027363 0)
    (0.032933 0.0028738 0)
    (0.033422 0.0030113 0)
    (0.033911 0.0031489 0)
    (0.0344 0.0032864 0)
    (0.034889 0.0034239 0)
    (0.035378 0.0035614 0)
    (0.035867 0.0036989 0)
    (0.036356 0.0038365 0)
    (0.036844 0.003974 0)
    (0.037333 0.0041115 0)
    (0.037822 0.004249 0)
    (0.038311 0.0043865 0)
    (0.0388 0.0045241 0)
    (0.039289 0.0046616 0)
    (0.039778 0.0047991 0)
    (0.040267 0.0049366 0)
    (0.040756 0.0050741 0)
    (0.041244 0.0052117 0)
    (0.041733 0.0053492 0)
    (0.042222 0.0054867 0)
    (0.042711 0.0056242 0)
    (0.0432 0.0057617 0)
    (0.043689 0.0058993 0)
    (0.044178 0.0060368 0)
    (0.044667 0.0061743 0)
    (0.045156 0.0063118 0)
    (0.045644 0.0064493 0)
    (0.046133 0.0065869 0)
    (0.046622 0.0067244 0)
    (0.047111 0.0068619 0)
    (0.0476 0.0069994 0)
    (0.048089 0.0071369 0)
    (0.048578 0.0072745 0)
    (0.049067 0.007412 0)
    (0.049556 0.0075495 0)
    (0.050044 0.007687 0)
    (0.050533 0.0078245 0)
    (0.051022 0.0079621 0)
    (0.051511 0.0080996 0)
    (0.052 0.0082371 0)
    (0.052 0.0082371 0)
    (0.0525 0.0083777 0)
    (0.053 0.0085184 0)
    (0.0535 0.008659 0)
    (0.054 0.0087997 0)
    (0.0545 0.0089403 0)
    (0.055 0.009081 0)
    (0.0555 0.0092216 0)
    (0.056 0.0093623 0)
    (0.0565 0.0095029 0)
    (0.057 0.0096436 0)
    (0.0575 0.0097842 0)
    (0.058 0.0099248 0)
    (0.0585 0.010065 0)
    (0.059 0.010206 0)
    (0.0595 0.010347 0)
    (0.06 0.010487 0)
    (0.0605 0.010628 0)
    (0.061 0.010769 0)
    (0.0615 0.010909 0)
    (0.062 0.01105 0)
    (0.062 0.011 0)
    (0.062509 0.011 0)
    (0.063018 0.011 0)
    (0.063527 0.011 0)
    (0.064036 0.011 0)
    (0.064545 0.011 0)
    (0.065055 0.011 0)
    (0.065564 0.011 0)
    (0.066073 0.011 0)
    (0.066582 0.011 0)
    (0.067091 0.011 0)
    (0.0676 0.011 0)
    (0.068109 0.011 0)
    (0.068618 0.011 0)
    (0.069127 0.011 0)
    (0.069636 0.011 0)
    (0.070145 0.011 0)
    (0.070655 0.011 0)
    (0.071164 0.011 0)
    (0.071673 0.011 0)
    (0.072182 0.011 0)
    (0.072691 0.011 0)
    (0.0732 0.011 0)
    (0.073709 0.011 0)
    (0.074218 0.011 0)
    (0.074727 0.011 0)
    (0.075236 0.011 0)
    (0.075745 0.011 0)
    (0.076255 0.011 0)
    (0.076764 0.011 0)
    (0.077273 0.011 0)
    (0.077782 0.011 0)
    (0.078291 0.011 0)
    (0.0788 0.011 0)
    (0.079309 0.011 0)
    (0.079818 0.011 0)
    (0.080327 0.011 0)
    (0.080836 0.011 0)
    (0.081345 0.011 0)
    (0.081855 0.011 0)
    (0.082364 0.011 0)
    (0.082873 0.011 0)
    (0.083382 0.011 0)
    (0.083891 0.011 0)
    (0.0844 0.011 0)
    (0.084909 0.011 0)
    (0.085418 0.011 0)
    (0.085927 0.011 0)
    (0.086436 0.011 0)
    (0.086945 0.011 0)
    (0.087455 0.011 0)
    (0.087964 0.011 0)
    (0.088473 0.011 0)
    (0.088982 0.011 0)
    (0.089491 0.011 0)
    (0.09 0.011 0)
);
