libs            (sampling);
type            probes;


executeControl      writeTime;
executeInterval     1;
writeControl        writeTime;
writeInterval       1;


fields
(
    p
);

probeLocations
(
    (0.052 0.01838 0)
    (0.052483 0.018449 0)
    (0.052966 0.018518 0)
    (0.053448 0.018587 0)
    (0.053931 0.018656 0)
    (0.054414 0.018725 0)
    (0.054897 0.018794 0)
    (0.055379 0.018863 0)
    (0.055862 0.018932 0)
    (0.056345 0.019001 0)
    (0.056828 0.01907 0)
    (0.05731 0.019139 0)
    (0.057793 0.019208 0)
    (0.058276 0.019277 0)
    (0.058759 0.019346 0)
    (0.059241 0.019415 0)
    (0.059724 0.019483 0)
    (0.060207 0.019552 0)
    (0.06069 0.019621 0)
    (0.061172 0.01969 0)
    (0.061655 0.019759 0)
    (0.062138 0.019828 0)
    (0.062621 0.019897 0)
    (0.063103 0.019966 0)
    (0.063586 0.020035 0)
    (0.064069 0.020104 0)
    (0.064552 0.020173 0)
    (0.065034 0.020242 0)
    (0.065517 0.020311 0)
    (0.066 0.02038 0)
    (0.066 0.02043 0)
    (0.066454 0.02043 0)
    (0.066908 0.02043 0)
    (0.067361 0.02043 0)
    (0.067815 0.02043 0)
    (0.068269 0.02043 0)
    (0.068723 0.02043 0)
    (0.069176 0.02043 0)
    (0.06963 0.02043 0)
    (0.070084 0.02043 0)
    (0.070538 0.02043 0)
    (0.070992 0.02043 0)
    (0.071445 0.02043 0)
    (0.071899 0.02043 0)
    (0.072353 0.02043 0)
    (0.072807 0.02043 0)
    (0.073261 0.02043 0)
    (0.073714 0.02043 0)
    (0.074168 0.02043 0)
    (0.074622 0.02043 0)
    (0.075076 0.02043 0)
    (0.075529 0.02043 0)
    (0.075983 0.02043 0)
    (0.076437 0.02043 0)
    (0.076891 0.02043 0)
    (0.077345 0.02043 0)
    (0.077798 0.02043 0)
    (0.078252 0.02043 0)
    (0.078706 0.02043 0)
    (0.07916 0.02043 0)
    (0.079613 0.02043 0)
    (0.080067 0.02043 0)
    (0.080521 0.02043 0)
    (0.080975 0.02043 0)
    (0.081429 0.02043 0)
    (0.081882 0.02043 0)
    (0.082336 0.02043 0)
    (0.08279 0.02043 0)
    (0.083244 0.02043 0)
    (0.083697 0.02043 0)
    (0.084151 0.02043 0)
    (0.084605 0.02043 0)
    (0.085059 0.02043 0)
    (0.085513 0.02043 0)
    (0.085966 0.02043 0)
    (0.08642 0.02043 0)
    (0.086874 0.02043 0)
    (0.087328 0.02043 0)
    (0.087782 0.02043 0)
    (0.088235 0.02043 0)
    (0.088689 0.02043 0)
    (0.089143 0.02043 0)
    (0.089597 0.02043 0)
    (0.09005 0.02043 0)
    (0.090504 0.02043 0)
    (0.090958 0.02043 0)
    (0.091412 0.02043 0)
    (0.091866 0.02043 0)
    (0.092319 0.02043 0)
    (0.092773 0.02043 0)
    (0.093227 0.02043 0)
    (0.093681 0.02043 0)
    (0.094134 0.02043 0)
    (0.094588 0.02043 0)
    (0.095042 0.02043 0)
    (0.095496 0.02043 0)
    (0.09595 0.02043 0)
    (0.096403 0.02043 0)
    (0.096857 0.02043 0)
    (0.097311 0.02043 0)
    (0.097765 0.02043 0)
    (0.098218 0.02043 0)
    (0.098672 0.02043 0)
    (0.099126 0.02043 0)
    (0.09958 0.02043 0)
    (0.10003 0.02043 0)
    (0.10049 0.02043 0)
    (0.10094 0.02043 0)
    (0.10139 0.02043 0)
    (0.10185 0.02043 0)
    (0.1023 0.02043 0)
    (0.10276 0.02043 0)
    (0.10321 0.02043 0)
    (0.10366 0.02043 0)
    (0.10412 0.02043 0)
    (0.10457 0.02043 0)
    (0.10503 0.02043 0)
    (0.10548 0.02043 0)
    (0.10593 0.02043 0)
    (0.10639 0.02043 0)
    (0.10684 0.02043 0)
    (0.10729 0.02043 0)
    (0.10775 0.02043 0)
    (0.1082 0.02043 0)
    (0.10866 0.02043 0)
    (0.10911 0.02043 0)
    (0.10956 0.02043 0)
    (0.11002 0.02043 0)
    (0.11047 0.02043 0)
    (0.11092 0.02043 0)
    (0.11138 0.02043 0)
    (0.11183 0.02043 0)
    (0.11229 0.02043 0)
    (0.11274 0.02043 0)
    (0.11319 0.02043 0)
    (0.11365 0.02043 0)
    (0.1141 0.02043 0)
    (0.11455 0.02043 0)
    (0.11501 0.02043 0)
    (0.11546 0.02043 0)
    (0.11592 0.02043 0)
    (0.11637 0.02043 0)
    (0.11682 0.02043 0)
    (0.11728 0.02043 0)
    (0.11773 0.02043 0)
    (0.11818 0.02043 0)
    (0.11864 0.02043 0)
    (0.11909 0.02043 0)
    (0.11955 0.02043 0)
    (0.12 0.02043 0)
);
